./reduced_access_01 4 0 0 0 0 0 

   0  10  11  12   1
   4  16  17  18   7
   5  19  20  21   8
   6  22  23  24   9
   2  13  14  15   3

./reduced_access_01 4 0 1 0 0 0 

   0  10  11  12   1
   4  16  17  18   9
   5  19  20  21   8
   6  22  23  24   7
   2  13  14  15   3

./reduced_access_01 4 0 0 1 0 0 

   0  12  11  10   1
   4  16  17  18   7
   5  19  20  21   8
   6  22  23  24   9
   2  13  14  15   3

./reduced_access_01 4 0 0 0 1 0 

   0  10  11  12   1
   4  16  17  18   7
   5  19  20  21   8
   6  22  23  24   9
   2  15  14  13   3

./reduced_access_01 4 0 0 0 0 1 

   0  10  11  12   1
   4  16  17  18   7
   5  19  20  21   8
   6  22  23  24   9
   2  13  14  15   3

./reduced_access_01 4 1 0 0 0 0 

   0  10  11  12   1
   6  16  17  18   7
   5  19  20  21   8
   4  22  23  24   9
   2  13  14  15   3

./reduced_access_01 4 1 1 0 0 0 

   0  10  11  12   1
   6  16  17  18   9
   5  19  20  21   8
   4  22  23  24   7
   2  13  14  15   3

./reduced_access_01 4 1 0 1 0 0 

   0  12  11  10   1
   6  16  17  18   7
   5  19  20  21   8
   4  22  23  24   9
   2  13  14  15   3

./reduced_access_01 4 1 0 0 1 0 

   0  10  11  12   1
   6  16  17  18   7
   5  19  20  21   8
   4  22  23  24   9
   2  15  14  13   3

./reduced_access_01 4 1 0 0 0 1 

   0  10  11  12   1
   6  16  17  18   7
   5  19  20  21   8
   4  22  23  24   9
   2  13  14  15   3

