./reduced_access_02 4 1 0 0 0 0 0 0 0 0 0 0 0 0 0 0 0 0 0 0 

   0  14  15  16   1
   8  80  81  82  11
   9  83  84  85  12
  10  86  87  88  13
   2  17  18  19   3

  32  62  63  64  35
  44  98  99 100  53
  45 101 102 103  54
  46 104 105 106  55
  38  71  72  73  41

  33  65  66  67  36
  47 107 108 109  56
  48 110 111 112  57
  49 113 114 115  58
  39  74  75  76  42

  34  68  69  70  37
  50 116 117 118  59
  51 119 120 121  60
  52 122 123 124  61
  40  77  78  79  43

   4  26  27  28   5
  20  89  90  91  23
  21  92  93  94  24
  22  95  96  97  25
   6  29  30  31   7



./reduced_access_02 4 1 1 0 0 0 0 0 0 0 0 0 0 0 0 0 0 0 0 0 

   0  14  15  16   1
  10  80  81  82  11
   9  83  84  85  12
   8  86  87  88  13
   2  17  18  19   3

  32  62  63  64  35
  44  98  99 100  53
  45 101 102 103  54
  46 104 105 106  55
  38  71  72  73  41

  33  65  66  67  36
  47 107 108 109  56
  48 110 111 112  57
  49 113 114 115  58
  39  74  75  76  42

  34  68  69  70  37
  50 116 117 118  59
  51 119 120 121  60
  52 122 123 124  61
  40  77  78  79  43

   4  26  27  28   5
  20  89  90  91  23
  21  92  93  94  24
  22  95  96  97  25
   6  29  30  31   7



./reduced_access_02 4 1 0 1 0 0 0 0 0 0 0 0 0 0 0 0 0 0 0 0 

   0  14  15  16   1
   8  80  81  82  13
   9  83  84  85  12
  10  86  87  88  11
   2  17  18  19   3

  32  62  63  64  35
  44  98  99 100  53
  45 101 102 103  54
  46 104 105 106  55
  38  71  72  73  41

  33  65  66  67  36
  47 107 108 109  56
  48 110 111 112  57
  49 113 114 115  58
  39  74  75  76  42

  34  68  69  70  37
  50 116 117 118  59
  51 119 120 121  60
  52 122 123 124  61
  40  77  78  79  43

   4  26  27  28   5
  20  89  90  91  23
  21  92  93  94  24
  22  95  96  97  25
   6  29  30  31   7



./reduced_access_02 4 1 0 0 1 0 0 0 0 0 0 0 0 0 0 0 0 0 0 0 

   0  16  15  14   1
   8  80  81  82  11
   9  83  84  85  12
  10  86  87  88  13
   2  17  18  19   3

  32  62  63  64  35
  44  98  99 100  53
  45 101 102 103  54
  46 104 105 106  55
  38  71  72  73  41

  33  65  66  67  36
  47 107 108 109  56
  48 110 111 112  57
  49 113 114 115  58
  39  74  75  76  42

  34  68  69  70  37
  50 116 117 118  59
  51 119 120 121  60
  52 122 123 124  61
  40  77  78  79  43

   4  26  27  28   5
  20  89  90  91  23
  21  92  93  94  24
  22  95  96  97  25
   6  29  30  31   7



./reduced_access_02 4 1 0 0 0 1 0 0 0 0 0 0 0 0 0 0 0 0 0 0 

   0  14  15  16   1
   8  80  81  82  11
   9  83  84  85  12
  10  86  87  88  13
   2  19  18  17   3

  32  62  63  64  35
  44  98  99 100  53
  45 101 102 103  54
  46 104 105 106  55
  38  71  72  73  41

  33  65  66  67  36
  47 107 108 109  56
  48 110 111 112  57
  49 113 114 115  58
  39  74  75  76  42

  34  68  69  70  37
  50 116 117 118  59
  51 119 120 121  60
  52 122 123 124  61
  40  77  78  79  43

   4  26  27  28   5
  20  89  90  91  23
  21  92  93  94  24
  22  95  96  97  25
   6  29  30  31   7



./reduced_access_02 4 1 0 0 0 0 1 0 0 0 0 0 0 0 0 0 0 0 0 0 

   0  14  15  16   1
   8  80  81  82  11
   9  83  84  85  12
  10  86  87  88  13
   2  17  18  19   3

  32  62  63  64  35
  44  98  99 100  53
  45 101 102 103  54
  46 104 105 106  55
  38  71  72  73  41

  33  65  66  67  36
  47 107 108 109  56
  48 110 111 112  57
  49 113 114 115  58
  39  74  75  76  42

  34  68  69  70  37
  50 116 117 118  59
  51 119 120 121  60
  52 122 123 124  61
  40  77  78  79  43

   4  26  27  28   5
  22  89  90  91  23
  21  92  93  94  24
  20  95  96  97  25
   6  29  30  31   7



./reduced_access_02 4 1 0 0 0 0 0 1 0 0 0 0 0 0 0 0 0 0 0 0 

   0  14  15  16   1
   8  80  81  82  11
   9  83  84  85  12
  10  86  87  88  13
   2  17  18  19   3

  32  62  63  64  35
  44  98  99 100  53
  45 101 102 103  54
  46 104 105 106  55
  38  71  72  73  41

  33  65  66  67  36
  47 107 108 109  56
  48 110 111 112  57
  49 113 114 115  58
  39  74  75  76  42

  34  68  69  70  37
  50 116 117 118  59
  51 119 120 121  60
  52 122 123 124  61
  40  77  78  79  43

   4  26  27  28   5
  20  89  90  91  25
  21  92  93  94  24
  22  95  96  97  23
   6  29  30  31   7



./reduced_access_02 4 1 0 0 0 0 0 0 1 0 0 0 0 0 0 0 0 0 0 0 

   0  14  15  16   1
   8  80  81  82  11
   9  83  84  85  12
  10  86  87  88  13
   2  17  18  19   3

  32  62  63  64  35
  44  98  99 100  53
  45 101 102 103  54
  46 104 105 106  55
  38  71  72  73  41

  33  65  66  67  36
  47 107 108 109  56
  48 110 111 112  57
  49 113 114 115  58
  39  74  75  76  42

  34  68  69  70  37
  50 116 117 118  59
  51 119 120 121  60
  52 122 123 124  61
  40  77  78  79  43

   4  28  27  26   5
  20  89  90  91  23
  21  92  93  94  24
  22  95  96  97  25
   6  29  30  31   7



./reduced_access_02 4 1 0 0 0 0 0 0 0 1 0 0 0 0 0 0 0 0 0 0 

   0  14  15  16   1
   8  80  81  82  11
   9  83  84  85  12
  10  86  87  88  13
   2  17  18  19   3

  32  62  63  64  35
  44  98  99 100  53
  45 101 102 103  54
  46 104 105 106  55
  38  71  72  73  41

  33  65  66  67  36
  47 107 108 109  56
  48 110 111 112  57
  49 113 114 115  58
  39  74  75  76  42

  34  68  69  70  37
  50 116 117 118  59
  51 119 120 121  60
  52 122 123 124  61
  40  77  78  79  43

   4  26  27  28   5
  20  89  90  91  23
  21  92  93  94  24
  22  95  96  97  25
   6  31  30  29   7



./reduced_access_02 4 1 0 0 0 0 0 0 0 0 1 0 0 0 0 0 0 0 0 0 

   0  14  15  16   1
   8  80  81  82  11
   9  83  84  85  12
  10  86  87  88  13
   2  17  18  19   3

  34  62  63  64  35
  44  98  99 100  53
  45 101 102 103  54
  46 104 105 106  55
  38  71  72  73  41

  33  65  66  67  36
  47 107 108 109  56
  48 110 111 112  57
  49 113 114 115  58
  39  74  75  76  42

  32  68  69  70  37
  50 116 117 118  59
  51 119 120 121  60
  52 122 123 124  61
  40  77  78  79  43

   4  26  27  28   5
  20  89  90  91  23
  21  92  93  94  24
  22  95  96  97  25
   6  29  30  31   7



./reduced_access_02 4 1 0 0 0 0 0 0 0 0 0 1 0 0 0 0 0 0 0 0 

   0  14  15  16   1
   8  80  81  82  11
   9  83  84  85  12
  10  86  87  88  13
   2  17  18  19   3

  32  62  63  64  37
  44  98  99 100  53
  45 101 102 103  54
  46 104 105 106  55
  38  71  72  73  41

  33  65  66  67  36
  47 107 108 109  56
  48 110 111 112  57
  49 113 114 115  58
  39  74  75  76  42

  34  68  69  70  35
  50 116 117 118  59
  51 119 120 121  60
  52 122 123 124  61
  40  77  78  79  43

   4  26  27  28   5
  20  89  90  91  23
  21  92  93  94  24
  22  95  96  97  25
   6  29  30  31   7



./reduced_access_02 4 1 0 0 0 0 0 0 0 0 0 0 1 0 0 0 0 0 0 0 

   0  14  15  16   1
   8  80  81  82  11
   9  83  84  85  12
  10  86  87  88  13
   2  17  18  19   3

  32  62  63  64  35
  44  98  99 100  53
  45 101 102 103  54
  46 104 105 106  55
  40  71  72  73  41

  33  65  66  67  36
  47 107 108 109  56
  48 110 111 112  57
  49 113 114 115  58
  39  74  75  76  42

  34  68  69  70  37
  50 116 117 118  59
  51 119 120 121  60
  52 122 123 124  61
  38  77  78  79  43

   4  26  27  28   5
  20  89  90  91  23
  21  92  93  94  24
  22  95  96  97  25
   6  29  30  31   7



./reduced_access_02 4 1 0 0 0 0 0 0 0 0 0 0 0 1 0 0 0 0 0 0 

   0  14  15  16   1
   8  80  81  82  11
   9  83  84  85  12
  10  86  87  88  13
   2  17  18  19   3

  32  62  63  64  35
  44  98  99 100  53
  45 101 102 103  54
  46 104 105 106  55
  38  71  72  73  43

  33  65  66  67  36
  47 107 108 109  56
  48 110 111 112  57
  49 113 114 115  58
  39  74  75  76  42

  34  68  69  70  37
  50 116 117 118  59
  51 119 120 121  60
  52 122 123 124  61
  40  77  78  79  41

   4  26  27  28   5
  20  89  90  91  23
  21  92  93  94  24
  22  95  96  97  25
   6  29  30  31   7



./reduced_access_02 4 1 0 0 0 0 0 0 0 0 0 0 0 0 1 0 0 0 0 0 

   0  14  15  16   1
   8  80  81  82  11
   9  83  84  85  12
  10  86  87  88  13
   2  17  18  19   3

  32  62  63  64  35
  44  98  99 100  53
  47 101 102 103  54
  50 104 105 106  55
  38  71  72  73  41

  33  65  66  67  36
  45 107 108 109  56
  48 110 111 112  57
  51 113 114 115  58
  39  74  75  76  42

  34  68  69  70  37
  46 116 117 118  59
  49 119 120 121  60
  52 122 123 124  61
  40  77  78  79  43

   4  26  27  28   5
  20  89  90  91  23
  21  92  93  94  24
  22  95  96  97  25
   6  29  30  31   7



./reduced_access_02 4 1 0 0 0 0 0 0 0 0 0 0 0 0 0 1 0 0 0 0 

   0  14  15  16   1
   8  80  81  82  11
   9  83  84  85  12
  10  86  87  88  13
   2  17  18  19   3

  32  62  63  64  35
  44  98  99 100  53
  45 101 102 103  56
  46 104 105 106  59
  38  71  72  73  41

  33  65  66  67  36
  47 107 108 109  54
  48 110 111 112  57
  49 113 114 115  60
  39  74  75  76  42

  34  68  69  70  37
  50 116 117 118  55
  51 119 120 121  58
  52 122 123 124  61
  40  77  78  79  43

   4  26  27  28   5
  20  89  90  91  23
  21  92  93  94  24
  22  95  96  97  25
   6  29  30  31   7



./reduced_access_02 4 1 0 0 0 0 0 0 0 0 0 0 0 0 0 0 1 0 0 0 

   0  14  15  16   1
   8  80  81  82  11
   9  83  84  85  12
  10  86  87  88  13
   2  17  18  19   3

  32  62  65  68  35
  44  98  99 100  53
  45 101 102 103  54
  46 104 105 106  55
  38  71  72  73  41

  33  63  66  69  36
  47 107 108 109  56
  48 110 111 112  57
  49 113 114 115  58
  39  74  75  76  42

  34  64  67  70  37
  50 116 117 118  59
  51 119 120 121  60
  52 122 123 124  61
  40  77  78  79  43

   4  26  27  28   5
  20  89  90  91  23
  21  92  93  94  24
  22  95  96  97  25
   6  29  30  31   7



./reduced_access_02 4 1 0 0 0 0 0 0 0 0 0 0 0 0 0 0 0 1 0 0 

   0  14  15  16   1
   8  80  81  82  11
   9  83  84  85  12
  10  86  87  88  13
   2  17  18  19   3

  32  62  63  64  35
  44  98  99 100  53
  45 101 102 103  54
  46 104 105 106  55
  38  71  74  77  41

  33  65  66  67  36
  47 107 108 109  56
  48 110 111 112  57
  49 113 114 115  58
  39  72  75  78  42

  34  68  69  70  37
  50 116 117 118  59
  51 119 120 121  60
  52 122 123 124  61
  40  73  76  79  43

   4  26  27  28   5
  20  89  90  91  23
  21  92  93  94  24
  22  95  96  97  25
   6  29  30  31   7



./reduced_access_02 4 1 0 0 0 0 0 0 0 0 0 0 0 0 0 0 0 0 1 0 

   0  14  15  16   1
   8  80  83  86  11
   9  81  84  87  12
  10  82  85  88  13
   2  17  18  19   3

  32  62  63  64  35
  44  98  99 100  53
  45 101 102 103  54
  46 104 105 106  55
  38  71  72  73  41

  33  65  66  67  36
  47 107 108 109  56
  48 110 111 112  57
  49 113 114 115  58
  39  74  75  76  42

  34  68  69  70  37
  50 116 117 118  59
  51 119 120 121  60
  52 122 123 124  61
  40  77  78  79  43

   4  26  27  28   5
  20  89  90  91  23
  21  92  93  94  24
  22  95  96  97  25
   6  29  30  31   7



./reduced_access_02 4 1 0 0 0 0 0 0 0 0 0 0 0 0 0 0 0 0 0 1 

   0  14  15  16   1
   8  80  81  82  11
   9  83  84  85  12
  10  86  87  88  13
   2  17  18  19   3

  32  62  63  64  35
  44  98  99 100  53
  45 101 102 103  54
  46 104 105 106  55
  38  71  72  73  41

  33  65  66  67  36
  47 107 108 109  56
  48 110 111 112  57
  49 113 114 115  58
  39  74  75  76  42

  34  68  69  70  37
  50 116 117 118  59
  51 119 120 121  60
  52 122 123 124  61
  40  77  78  79  43

   4  26  27  28   5
  20  89  92  95  23
  21  90  93  96  24
  22  91  94  97  25
   6  29  30  31   7



./reduced_access_02 4 0 0 0 0 0 0 0 0 0 0 0 0 0 0 0 0 0 0 0 

   0  14  15  16   1
   8  80  81  82  11
   9  83  84  85  12
  10  86  87  88  13
   2  17  18  19   3

  32  62  63  64  35
  44  98  99 100  53
  45 101 102 103  54
  46 104 105 106  55
  38  71  72  73  41

  33  65  66  67  36
  47 107 108 109  56
  48 110 111 112  57
  49 113 114 115  58
  39  74  75  76  42

  34  68  69  70  37
  50 116 117 118  59
  51 119 120 121  60
  52 122 123 124  61
  40  77  78  79  43

   4  26  27  28   5
  20  89  90  91  23
  21  92  93  94  24
  22  95  96  97  25
   6  29  30  31   7



./reduced_access_02 4 0 1 0 0 0 0 0 0 0 0 0 0 0 0 0 0 0 0 0 

   0  14  15  16   1
  10  80  81  82  11
   9  83  84  85  12
   8  86  87  88  13
   2  17  18  19   3

  32  62  63  64  35
  44  98  99 100  53
  45 101 102 103  54
  46 104 105 106  55
  38  71  72  73  41

  33  65  66  67  36
  47 107 108 109  56
  48 110 111 112  57
  49 113 114 115  58
  39  74  75  76  42

  34  68  69  70  37
  50 116 117 118  59
  51 119 120 121  60
  52 122 123 124  61
  40  77  78  79  43

   4  26  27  28   5
  20  89  90  91  23
  21  92  93  94  24
  22  95  96  97  25
   6  29  30  31   7



./reduced_access_02 4 0 0 1 0 0 0 0 0 0 0 0 0 0 0 0 0 0 0 0 

   0  14  15  16   1
   8  80  81  82  13
   9  83  84  85  12
  10  86  87  88  11
   2  17  18  19   3

  32  62  63  64  35
  44  98  99 100  53
  45 101 102 103  54
  46 104 105 106  55
  38  71  72  73  41

  33  65  66  67  36
  47 107 108 109  56
  48 110 111 112  57
  49 113 114 115  58
  39  74  75  76  42

  34  68  69  70  37
  50 116 117 118  59
  51 119 120 121  60
  52 122 123 124  61
  40  77  78  79  43

   4  26  27  28   5
  20  89  90  91  23
  21  92  93  94  24
  22  95  96  97  25
   6  29  30  31   7



./reduced_access_02 4 0 0 0 1 0 0 0 0 0 0 0 0 0 0 0 0 0 0 0 

   0  16  15  14   1
   8  80  81  82  11
   9  83  84  85  12
  10  86  87  88  13
   2  17  18  19   3

  32  62  63  64  35
  44  98  99 100  53
  45 101 102 103  54
  46 104 105 106  55
  38  71  72  73  41

  33  65  66  67  36
  47 107 108 109  56
  48 110 111 112  57
  49 113 114 115  58
  39  74  75  76  42

  34  68  69  70  37
  50 116 117 118  59
  51 119 120 121  60
  52 122 123 124  61
  40  77  78  79  43

   4  26  27  28   5
  20  89  90  91  23
  21  92  93  94  24
  22  95  96  97  25
   6  29  30  31   7



./reduced_access_02 4 0 0 0 0 1 0 0 0 0 0 0 0 0 0 0 0 0 0 0 

   0  14  15  16   1
   8  80  81  82  11
   9  83  84  85  12
  10  86  87  88  13
   2  19  18  17   3

  32  62  63  64  35
  44  98  99 100  53
  45 101 102 103  54
  46 104 105 106  55
  38  71  72  73  41

  33  65  66  67  36
  47 107 108 109  56
  48 110 111 112  57
  49 113 114 115  58
  39  74  75  76  42

  34  68  69  70  37
  50 116 117 118  59
  51 119 120 121  60
  52 122 123 124  61
  40  77  78  79  43

   4  26  27  28   5
  20  89  90  91  23
  21  92  93  94  24
  22  95  96  97  25
   6  29  30  31   7



./reduced_access_02 4 0 0 0 0 0 1 0 0 0 0 0 0 0 0 0 0 0 0 0 

   0  14  15  16   1
   8  80  81  82  11
   9  83  84  85  12
  10  86  87  88  13
   2  17  18  19   3

  32  62  63  64  35
  44  98  99 100  53
  45 101 102 103  54
  46 104 105 106  55
  38  71  72  73  41

  33  65  66  67  36
  47 107 108 109  56
  48 110 111 112  57
  49 113 114 115  58
  39  74  75  76  42

  34  68  69  70  37
  50 116 117 118  59
  51 119 120 121  60
  52 122 123 124  61
  40  77  78  79  43

   4  26  27  28   5
  22  89  90  91  23
  21  92  93  94  24
  20  95  96  97  25
   6  29  30  31   7



./reduced_access_02 4 0 0 0 0 0 0 1 0 0 0 0 0 0 0 0 0 0 0 0 

   0  14  15  16   1
   8  80  81  82  11
   9  83  84  85  12
  10  86  87  88  13
   2  17  18  19   3

  32  62  63  64  35
  44  98  99 100  53
  45 101 102 103  54
  46 104 105 106  55
  38  71  72  73  41

  33  65  66  67  36
  47 107 108 109  56
  48 110 111 112  57
  49 113 114 115  58
  39  74  75  76  42

  34  68  69  70  37
  50 116 117 118  59
  51 119 120 121  60
  52 122 123 124  61
  40  77  78  79  43

   4  26  27  28   5
  20  89  90  91  25
  21  92  93  94  24
  22  95  96  97  23
   6  29  30  31   7



./reduced_access_02 4 0 0 0 0 0 0 0 1 0 0 0 0 0 0 0 0 0 0 0 

   0  14  15  16   1
   8  80  81  82  11
   9  83  84  85  12
  10  86  87  88  13
   2  17  18  19   3

  32  62  63  64  35
  44  98  99 100  53
  45 101 102 103  54
  46 104 105 106  55
  38  71  72  73  41

  33  65  66  67  36
  47 107 108 109  56
  48 110 111 112  57
  49 113 114 115  58
  39  74  75  76  42

  34  68  69  70  37
  50 116 117 118  59
  51 119 120 121  60
  52 122 123 124  61
  40  77  78  79  43

   4  28  27  26   5
  20  89  90  91  23
  21  92  93  94  24
  22  95  96  97  25
   6  29  30  31   7



./reduced_access_02 4 0 0 0 0 0 0 0 0 1 0 0 0 0 0 0 0 0 0 0 

   0  14  15  16   1
   8  80  81  82  11
   9  83  84  85  12
  10  86  87  88  13
   2  17  18  19   3

  32  62  63  64  35
  44  98  99 100  53
  45 101 102 103  54
  46 104 105 106  55
  38  71  72  73  41

  33  65  66  67  36
  47 107 108 109  56
  48 110 111 112  57
  49 113 114 115  58
  39  74  75  76  42

  34  68  69  70  37
  50 116 117 118  59
  51 119 120 121  60
  52 122 123 124  61
  40  77  78  79  43

   4  26  27  28   5
  20  89  90  91  23
  21  92  93  94  24
  22  95  96  97  25
   6  31  30  29   7



./reduced_access_02 4 0 0 0 0 0 0 0 0 0 1 0 0 0 0 0 0 0 0 0 

   0  14  15  16   1
   8  80  81  82  11
   9  83  84  85  12
  10  86  87  88  13
   2  17  18  19   3

  34  62  63  64  35
  44  98  99 100  53
  45 101 102 103  54
  46 104 105 106  55
  38  71  72  73  41

  33  65  66  67  36
  47 107 108 109  56
  48 110 111 112  57
  49 113 114 115  58
  39  74  75  76  42

  32  68  69  70  37
  50 116 117 118  59
  51 119 120 121  60
  52 122 123 124  61
  40  77  78  79  43

   4  26  27  28   5
  20  89  90  91  23
  21  92  93  94  24
  22  95  96  97  25
   6  29  30  31   7



./reduced_access_02 4 0 0 0 0 0 0 0 0 0 0 1 0 0 0 0 0 0 0 0 

   0  14  15  16   1
   8  80  81  82  11
   9  83  84  85  12
  10  86  87  88  13
   2  17  18  19   3

  32  62  63  64  37
  44  98  99 100  53
  45 101 102 103  54
  46 104 105 106  55
  38  71  72  73  41

  33  65  66  67  36
  47 107 108 109  56
  48 110 111 112  57
  49 113 114 115  58
  39  74  75  76  42

  34  68  69  70  35
  50 116 117 118  59
  51 119 120 121  60
  52 122 123 124  61
  40  77  78  79  43

   4  26  27  28   5
  20  89  90  91  23
  21  92  93  94  24
  22  95  96  97  25
   6  29  30  31   7



./reduced_access_02 4 0 0 0 0 0 0 0 0 0 0 0 1 0 0 0 0 0 0 0 

   0  14  15  16   1
   8  80  81  82  11
   9  83  84  85  12
  10  86  87  88  13
   2  17  18  19   3

  32  62  63  64  35
  44  98  99 100  53
  45 101 102 103  54
  46 104 105 106  55
  40  71  72  73  41

  33  65  66  67  36
  47 107 108 109  56
  48 110 111 112  57
  49 113 114 115  58
  39  74  75  76  42

  34  68  69  70  37
  50 116 117 118  59
  51 119 120 121  60
  52 122 123 124  61
  38  77  78  79  43

   4  26  27  28   5
  20  89  90  91  23
  21  92  93  94  24
  22  95  96  97  25
   6  29  30  31   7



./reduced_access_02 4 0 0 0 0 0 0 0 0 0 0 0 0 1 0 0 0 0 0 0 

   0  14  15  16   1
   8  80  81  82  11
   9  83  84  85  12
  10  86  87  88  13
   2  17  18  19   3

  32  62  63  64  35
  44  98  99 100  53
  45 101 102 103  54
  46 104 105 106  55
  38  71  72  73  43

  33  65  66  67  36
  47 107 108 109  56
  48 110 111 112  57
  49 113 114 115  58
  39  74  75  76  42

  34  68  69  70  37
  50 116 117 118  59
  51 119 120 121  60
  52 122 123 124  61
  40  77  78  79  41

   4  26  27  28   5
  20  89  90  91  23
  21  92  93  94  24
  22  95  96  97  25
   6  29  30  31   7



./reduced_access_02 4 0 0 0 0 0 0 0 0 0 0 0 0 0 1 0 0 0 0 0 

   0  14  15  16   1
   8  80  81  82  11
   9  83  84  85  12
  10  86  87  88  13
   2  17  18  19   3

  32  62  63  64  35
  44  98  99 100  53
  47 101 102 103  54
  50 104 105 106  55
  38  71  72  73  41

  33  65  66  67  36
  45 107 108 109  56
  48 110 111 112  57
  51 113 114 115  58
  39  74  75  76  42

  34  68  69  70  37
  46 116 117 118  59
  49 119 120 121  60
  52 122 123 124  61
  40  77  78  79  43

   4  26  27  28   5
  20  89  90  91  23
  21  92  93  94  24
  22  95  96  97  25
   6  29  30  31   7



./reduced_access_02 4 0 0 0 0 0 0 0 0 0 0 0 0 0 0 1 0 0 0 0 

   0  14  15  16   1
   8  80  81  82  11
   9  83  84  85  12
  10  86  87  88  13
   2  17  18  19   3

  32  62  63  64  35
  44  98  99 100  53
  45 101 102 103  56
  46 104 105 106  59
  38  71  72  73  41

  33  65  66  67  36
  47 107 108 109  54
  48 110 111 112  57
  49 113 114 115  60
  39  74  75  76  42

  34  68  69  70  37
  50 116 117 118  55
  51 119 120 121  58
  52 122 123 124  61
  40  77  78  79  43

   4  26  27  28   5
  20  89  90  91  23
  21  92  93  94  24
  22  95  96  97  25
   6  29  30  31   7



./reduced_access_02 4 0 0 0 0 0 0 0 0 0 0 0 0 0 0 0 1 0 0 0 

   0  14  15  16   1
   8  80  81  82  11
   9  83  84  85  12
  10  86  87  88  13
   2  17  18  19   3

  32  62  65  68  35
  44  98  99 100  53
  45 101 102 103  54
  46 104 105 106  55
  38  71  72  73  41

  33  63  66  69  36
  47 107 108 109  56
  48 110 111 112  57
  49 113 114 115  58
  39  74  75  76  42

  34  64  67  70  37
  50 116 117 118  59
  51 119 120 121  60
  52 122 123 124  61
  40  77  78  79  43

   4  26  27  28   5
  20  89  90  91  23
  21  92  93  94  24
  22  95  96  97  25
   6  29  30  31   7



./reduced_access_02 4 0 0 0 0 0 0 0 0 0 0 0 0 0 0 0 0 1 0 0 

   0  14  15  16   1
   8  80  81  82  11
   9  83  84  85  12
  10  86  87  88  13
   2  17  18  19   3

  32  62  63  64  35
  44  98  99 100  53
  45 101 102 103  54
  46 104 105 106  55
  38  71  74  77  41

  33  65  66  67  36
  47 107 108 109  56
  48 110 111 112  57
  49 113 114 115  58
  39  72  75  78  42

  34  68  69  70  37
  50 116 117 118  59
  51 119 120 121  60
  52 122 123 124  61
  40  73  76  79  43

   4  26  27  28   5
  20  89  90  91  23
  21  92  93  94  24
  22  95  96  97  25
   6  29  30  31   7



./reduced_access_02 4 0 0 0 0 0 0 0 0 0 0 0 0 0 0 0 0 0 1 0 

   0  14  15  16   1
   8  80  83  86  11
   9  81  84  87  12
  10  82  85  88  13
   2  17  18  19   3

  32  62  63  64  35
  44  98  99 100  53
  45 101 102 103  54
  46 104 105 106  55
  38  71  72  73  41

  33  65  66  67  36
  47 107 108 109  56
  48 110 111 112  57
  49 113 114 115  58
  39  74  75  76  42

  34  68  69  70  37
  50 116 117 118  59
  51 119 120 121  60
  52 122 123 124  61
  40  77  78  79  43

   4  26  27  28   5
  20  89  90  91  23
  21  92  93  94  24
  22  95  96  97  25
   6  29  30  31   7



./reduced_access_02 4 0 0 0 0 0 0 0 0 0 0 0 0 0 0 0 0 0 0 1 

   0  14  15  16   1
   8  80  81  82  11
   9  83  84  85  12
  10  86  87  88  13
   2  17  18  19   3

  32  62  63  64  35
  44  98  99 100  53
  45 101 102 103  54
  46 104 105 106  55
  38  71  72  73  41

  33  65  66  67  36
  47 107 108 109  56
  48 110 111 112  57
  49 113 114 115  58
  39  74  75  76  42

  34  68  69  70  37
  50 116 117 118  59
  51 119 120 121  60
  52 122 123 124  61
  40  77  78  79  43

   4  26  27  28   5
  20  89  92  95  23
  21  90  93  96  24
  22  91  94  97  25
   6  29  30  31   7



